7
15
96
48
116
4
2
7
19
1
23
3
62
1
1
1
44
2
1
1
117
47
2
2
1
163
2
2
29
1
1
2
65
66
1
2
2
47
5
2
49
115
4
109
3
1
52
3
47
63
3
49
4
18
1
26
3
3
146
83
2
1
2
2
20
1
5
1
136
1
7
64
1
92
75
93
4
6
19
5
2
18
3
4
16
1
2
1
1
87
3
53
1
19
100
25
23
1
1
1
20
1
17
1
2
1
1
64
1
1
1
1
3
3
1
1
12
1
2
1
1
2
3
15
2
1
5
1
2
1
1
14
3
20
1
68
1
2
1
1
1
1
1
17
2
1
7
15
7
1
1
14
3
3
23
2
64
1
1
1
1
6
15
1
2
1
1
20
2
3
1
1
1
1
3
11
1
1
1
1
5
17
1
2
3
63
1
1
1
6
1
19
2
1
1
1
1
16
1
6
15
2
1
6
18
1
5
62
1
1
1
1
22
7
1
16
2
5
1
15
3
4
20
2
1
1
1
3
60
1
2
1
21
4
3
1
1
2
1
1
2
2
1
1
1
9
19
2
1
1
1
2
1
19
1
67
1
2
23
3
2
5
1
14
4
1
1
1
2
13
7
20
1
1
3
1
1
61
1
1
1
1
2
3
1
14
1
1
1
1
1
2
2
1
1
1
13
1
1
1
1
1
1
1
1
1
2
19
18
3
1
1
1
3
1
61
1
2
1
2
1
41
1
1
1
1
1
1
1
1
1
1
1
1
4
8
3
1
1
5
1
16
1
1
1
1
1
1
1
16
13
14
17
2
1
1
1
1
1
1
1
1
1
1
2
13
1
1
1
1
2
2
1
1
1
13
1
1
1
3
1
1
1
2
5
8
1
2
1
2
3
15
1
1
1
1
1
3
1
1
1
1
1
1
1
1
1
48
6
1
1
1
1
2
2
1
1
15
1
1
1
1
1
2
1
1
1
14
2
1
1
1
1
1
1
1
15
3
3
1
1
1
1
15
2
1
1
1
1
1
1
16
1
7
20
18
1
1
1
1
1
2
1
1
1
15
1
1
1
2
1
1
1
1
1
1
3
9
1
1
1
1
2
1
1
1
1
1
15
1
1
1
3
3
3
13
1
1
1
1
1
1
1
1
1
1
1
1
2
1
35
30
1
1
1
11
1
1
2
1
1
1
1
1
1
14
1
1
1
1
1
1
1
1
1
1
14
1
1
1
1
2
1
3
14
1
1
1
1
1
1
1
2
1
17
30
2
3
9
1
1
2
1
4
1
1
1
12
1
2
1
2
1
2
15
1
1
1
1
1
1
4
1
3
11
3
1
1
2
3
13
2
1
1
1
1
1
2
1
1
1
1
1
3
42
2
11
1
2
1
1
1
1
1
1
1
2
12
1
2
1
1
2
1
1
1
1
1
1
12
1
1
2
4
2
1
1
1
1
1
1
8
1
1
1
1
20
1
2
1
1
2
1
2
14
9
24
14
1
2
1
4
1
1
1
1
1
2
10
3
1
1
1
1
1
2
14
2
1
24
3
18
2
1
1
2
1
2
1
58
2
1
2
1
1
1
1
1
1
1
2
14
1
2
1
2
1
1
1
14
1
2
1
1
1
2
1
16
2
1
1
4
1
1
16
1
4
1
1
61
1
2
1
1
1
3
1
1
15
1
1
2
1
4
15
2
1
1
1
1
1
1
1
14
1
1
1
1
2
4
15
2
1
2
2
1
1
51
6
2
2
1
3
1
4
2
13
2
2
1
1
1
2
19
5
18
1
1
7
1
14
1
1
49
67
2
1
1
5
1
18
3
1
2
17
1
3
54
10
1
3
1
23
1
2
4
16
1
1
3
1
1
1
2
1
1
1
2
32
3
6
1
1
1
1
1
43
13
1
1
2
5
17
2
1
2
1
2
19
6
2
1
1
1
13
3
1
1
16
1
7
2
20
37
28
8
23
1
2
15
2
1
1
1
1
2
1
1
16
26
33
10
4
2
2
17
3
6
19
1
22
3
2
17
1
1
1
2
1
1
63
2
1
1
4
2
1
1
2
13
5
19
1
2
19
2
1
2
21
1
1
61
5
1
3
1
21
1
1
1
1
1
1
3
14
1
1
1
1
1
1
1
1
1
1
1
14
1
1
1
1
2
3
14
3
1
1
1
2
1
1
1
12
3
94
2
1
1
1
2
2
1
1
3
12
4
2
1
1
15
3
1
1
4
2
28
16
1
14
1
1
3
1
1
1
18
1
1
1
1
1
1
2
1
2
1
12
1
1
1
2
1
4
17
2
1
1
2
17
1
1
3
1
62
1
1
1
2
1
2
18
1
1
1
1
3
3
15
1
1
1
2
2
1
1
1
16
1
1
4
1
3
11
1
1
1
1
1
1
1
1
1
1
1
24
2
59
1
2
1
2
1
2
3
13
1
1
2
1
1
20
1
5
4
1
10
1
1
1
2
1
1
3
2
58
1
2
1
1
2
3
1
4
11
1
1
1
2
2
1
1
1
13
1
1
1
1
1
2
1
5
13
1
1
1
2
1
2
15
1
1
1
1
1
2
1
1
18
6
22
2
13
3
1
1
5
1
15
1
1
1
1
1
4
15
1
1
1
1
2
1
1
1
1
16
1
21
1
1
1
6
21
29
9
3
1
1
1
1
4
1
15
2
1
1
1
1
1
1
1
1
14
3
1
5
1
1
1
16
1
2
2
19
1
1
1
1
1
1
20
27
2
12
1
1
1
1
1
1
4
1
16
1
1
1
1
20
5
1
1
1
16
2
1
5
16
2
1
1
66
1
2
2
1
2
1
1
1
15
1
1
1
2
1
1
2
15
1
1
1
1
1
3
1
15
1
1
1
1
1
1
1
2
1
14
3
1
1
3
62
1
1
1
1
1
4
1
1
1
14
1
1
1
1
